100
1000
10000
10001
10002
10003
10004
10005
10006
10007
10008
10009
1001
10010
10011
10012
10013
10014
10015
10016
10017
10018
10019
1002
10020
10021
10022
10023
10024
10025
10026
10027
10028
10029
10030
10031
10032
10033
10034
10035
10036
10037
10038
10039
1004
10040
10041
10042
10043
10044
10045
10046
10047
10048
10049
1005
10050
10051
10052
10053
10054
10055
10056
10057
10058
10059
10060
10061
10062
10063
10064
10065
10066
10067
10068
10069
1007
10070
10071
10072
10073
10074
10075
10076
10077
10078
10079
10080
10081
10082
10083
10084
10085
10086
10087
10088
10089
1009
10090
10091
10092
10093
10094
10095
10096
10097
10098
10099
1010
10100
10101
10102
10103
10104
10105
10106
10107
10108
10109
1011
10110
10111
10112
10113
10114
10115
10116
10117
10118
10119
10120
10121
10122
10123
10124
10125
10126
10127
10128
10129
10130
10131
10132
10133
10134
10135
10136
10137
10138
10139
10140
10141
10142
10143
10144
10145
10146
10147
10148
10149
10150
10151
10152
10153
10154
10155
10156
10157
10158
10159
1016
10160
10161
10162
10163
10164
10165
10166
10167
10168
10169
10170
10171
10172
10173
10174
10175
10176
10177
10178
10179
10180
10181
10182
10183
10184
10185
10186
10187
10188
10189
10190
10191
10192
10193
10194
10195
10196
10197
10198
10199
102
1020
10200
10201
10202
10203
10204
10205
10206
10207
10208
10209
1021
10210
10211
10212
10213
10214
10215
10216
10217
10218
10219
1022
10220
10221
10222
10223
10224
10225
10226
10227
10228
10229
1023
10230
10231
10232
10233
10234
10235
10236
10237
10238
10239
1024
10240
10241
10242
10243
10244
10245
10246
10247
10248
10249
1025
10250
10251
10252
10253
10254
10255
10256
10257
10258
10259
1026
10260
10261
10262
10263
10264
10265
10266
10267
10268
10269
1027
10270
10271
10272
10273
10274
10275
10276
10277
10278
10279
1028
10280
10281
10282
10283
10284
10285
10286
10287
10288
10289
1029
10290
10291
10292
10293
10294
10295
10296
10297
10298
10299
103
1030
10300
10301
10302
10303
10304
10305
10306
10307
10308
10309
1031
10310
10311
10312
10313
10314
10315
10316
10317
10318
10319
1032
10320
10321
10322
10323
10324
10325
10326
10327
10328
10329
1033
10330
10331
10332
10333
10334
10335
10336
10337
10338
10339
1034
10340
10341
10342
10343
10344
10345
10346
10347
10348
10349
1035
10350
1036
1037
1038
1039
10393
10395
10397
104
1040
1041
1042
1043
1044
10441
10443
10444
10445
10446
1045
1046
1047
10477
1048
10480
1049
1050
10500
1051
1052
1053
10530
1054
1055
1056
10566
1057
1058
1059
106
1060
10600
1061
10616
10617
1062
10621
10626
10628
10629
1063
10633
1064
1065
1066
1067
1068
1069
1070
1071
10710
1072
1073
1074
1075
1076
1077
10777
10778
1078
1079
108
1080
10801
10802
1081
10810
1082
1083
1084
10844
1085
1086
1087
1088
10888
1089
109
1090
1091
10911
10912
1092
1093
1094
1095
1096
1097
1098
1099
10990
10996
10999
11
110
1100
11000
11001
11002
11007
1102
1103
1104
11041
11047
1105
1106
1107
1108
11080
11081
11082
11088
11090
11099
111
1110
11102
1111
11110
11111
11112
1112
1113
1114
11158
1117
1118
11180
1119
1121
11211
11212
11213
11214
11215
11216
1122
1123
1124
1126
1128
113
1130
11300
1131
11310
1132
11324
11347
1135
11352
11362
11366
1137
11371
11372
1138
11381
1139
114
1141
1143
11433
11443
1145
1147
1148
11489
1149
1151
1152
11521
1154
1156
1157
1158
1159
1160
1161
1162
1163
1164
1165
1166
11660
1167
1168
11680
11688
1169
1170
1173
1174
1175
1177
1178
1179
1180
1181
1182
1183
1184
1185
1186
1187
1188
11883
1189
119
1190
11908
1192
11931
11935
11936
1194
11967
1198
1199
12
1200
12000
12001
1201
12016
12018
12049
12056
12080
12087
121
1210
1211
12114
12116
12117
1212
12121
12124
12125
1213
12133
12134
12135
12136
12138
1214
12147
1215
12150
12156
1216
12160
12161
12162
1217
12170
12174
12175
12178
1218
12181
12182
12185
12186
12187
12188
12189
1219
12192
12199
122
12200
12201
12213
12215
12222
12223
12224
12225
12232
12235
12236
12237
12243
12253
12265
12278
12285
12287
12289
12290
12292
12293
12298
123
12300
12306
12307
12315
12319
12326
1233
12330
12331
12333
12338
1234
12344
12345
12349
1235
12352
12357
12358
1236
12365
12366
12369
12374
12375
12376
12377
12382
12386
12402
12408
1241
12418
12419
12423
12424
12438
12439
1244
12442
12443
12450
12451
12457
1246
12462
1247
12474
12475
1248
12480
12490
12494
125
12501
12503
12505
12506
12507
12508
12509
12510
12515
12518
12519
12525
12535
12537
12539
12542
12550
12551
12555
12564
12566
12580
12584
12588
12589
1259
1260
12615
12680
1271
1272
1277
12816
1283
1287
12881
1290
12900
12945
1296
12999
13
130
1300
13000
13001
13002
13003
13004
13005
1301
1302
1309
131
1310
13102
1311
1313
1314
132
1322
13256
1328
13289
133
13306
13333
1334
1337
13382
13389
1344
13443
13456
135
1352
13522
13529
1354
1356
13579
13654
13690
137
1370
13720
13722
13780
13782
13783
13808
1389
139
13988
14
1400
14000
14005
14006
14007
14010
14026
14082
14100
1414
14147
14161
1417
14238
14265
143
1431
1433
14330
14331
14332
14333
14334
14335
14336
14337
14338
14339
1434
144
14400
14403
14404
14406
14407
1443
1444
14441
14442
14443
1445
14489
14534
14549
1455
146
1461
1465
1471
14825
14848
14873
14875
14880
14894
14897
14899
1494
1499
15
1500
15000
15001
15002
15003
15004
15005
15006
15007
15008
15009
1501
15010
15011
15012
15013
15014
15015
15016
15017
15018
15019
1502
15020
15021
15022
15023
15024
15025
15026
15027
15028
15029
1503
15030
15031
15032
15033
15034
15035
15036
15037
15038
15039
1504
15040
15041
15042
15043
15044
15045
15046
15047
15048
15049
1505
15050
15051
15052
15053
15054
15055
15056
15057
15058
15059
1506
15060
15061
15062
15063
15064
15065
15066
15067
15068
15069
1507
15070
15071
15072
15073
15074
15075
15076
15077
15078
15079
1508
15080
15081
15082
15083
15084
15085
15086
15087
15088
15089
1509
15090
15091
15092
15093
15094
15095
15096
15097
15098
15099
1510
15100
15101
1511
1512
1513
1514
1515
1516
1517
1518
1519
1520
1521
15210
15211
15212
15213
15214
15215
15216
15217
15218
15219
1522
1523
1524
1525
1527
153
1533
15400
15432
1550
15504
1554
1556
1557
15580
1559
15601
15631
15632
15660
15672
15692
15693
15698
15742
1577
1580
15801
1583
15831
15866
1588
15888
15900
15901
1594
1600
16000
16001
16009
16010
16011
16012
16013
16014
16016
16017
16018
16024
16025
16026
1603
16030
16035
16037
16038
16040
16041
16051
16052
16053
16054
16055
16056
16057
16058
16059
16076
16080
16082
16083
16084
16085
16087
16090
16094
16097
16098
16099
161
1610
16113
162
163
1630
16300
16301
16379
16382
16400
1641
16443
1648
16501
16503
1651
16528
16538
16558
16568
1658
16580
1666
167
16788
168
1680
16808
16843
16844
1687
1688
16882
16885
16888
16891
16892
169
16900
16901
16905
16907
16910
16911
16922
16923
16929
16930
16992
16993
16999
17
1700
17000
17001
17002
17003
17006
1701
17010
17020
17024
17026
17027
17028
17040
17061
17070
17071
17080
17095
171
17100
17101
17125
1717
17173
1718
1719
172
1720
17201
1721
1722
1723
1726
1741
17443
175
17536
1755
1761
17676
177
1773
1777
17777
1782
1783
17877
179
1790
17961
17966
17988
17990
17991
17999
180
1800
18000
18001
18002
18003
18004
18005
18006
18007
18008
18009
1801
18010
18017
1802
18022
18023
18024
18025
18026
18028
18029
18031
18032
18033
18034
18035
18037
18038
18039
18040
18041
18044
18045
18047
1805
18051
18052
18053
18054
18055
18056
18057
18058
18060
18069
18071
18077
18080
18081
18082
18083
18084
18085
18086
18087
18088
18089
18090
18091
18092
18098
18099
1810
18100
18101
18102
18103
18104
18105
18106
18108
18111
18112
18113
1812
18123
1813
1818
18180
18181
18182
18191
18204
18206
18218
18225
18245
18246
18264
18281
18282
1830
18301
18304
18306
18318
18381
1839
1840
18404
18406
18418
18443
18448
18483
18504
18506
18513
18518
18520
18527
18528
18529
18530
18531
1855
18556
1857
1858
1859
18602
18604
18606
18618
1862
18621
1863
18633
1864
18686
18701
18712
1872
1873
1875
18765
18766
188
1880
18801
18802
18803
18808
18810
18811
18820
18821
1883
18831
18848
18852
18853
1888
18880
18881
18886
18888
18889
18890
18891
18896
18898
18899
189
1890
18901
18908
18909
18910
18980
18983
18988
18989
18996
19
190
1900
19000
19001
1901
19010
19011
19045
1905
19065
19067
1908
19080
19081
19082
19086
19087
19090
19091
19092
19093
19094
19095
19098
19101
1911
1914
19150
192
19200
1922
19244
19283
19300
19315
1933
1935
19350
1936
1937
19443
1947
1949
19530
1956
1958
1962
1967
19694
1971
1972
1974
19776
19780
1979
198
1980
19801
1982
1984
19842
1985
1986
1988
19888
1989
19895
199
19902
1991
1992
1993
1994
1995
1998
1999
19994
19999
20
200
2000
20000
20001
20002
20004
20005
20006
20008
2001
20010
20015
20018
2002
20020
20021
20022
20023
20024
20025
20026
20027
20028
20029
2003
20030
20031
2004
20040
20041
20042
20043
20044
20045
20046
20047
20048
20049
2005
20050
20051
20052
20053
2006
20060
20067
2007
20070
2008
20080
20081
20082
20083
20084
20085
20086
20087
20088
20089
2009
20090
20091
20092
20093
20094
2010
20100
20101
20102
20104
20106
20107
2011
20110
2012
20120
20121
20124
2013
2014
20140
20142
20149
2015
20150
20151
20153
20160
20164
20165
2017
2018
20180
20181
20182
20183
20184
20185
20186
20187
20188
20189
2019
20190
2020
20200
20201
20202
20207
20208
2021
2022
20221
20222
2023
2024
2026
2030
20321
2033
20332
2034
2035
2038
2040
2041
2042
2043
20440
20443
2045
2046
2047
2048
2049
20500
2051
20512
2052
2053
20547
2055
206
2060
20600
2065
2068
2070
20720
2074
2077
2078
2079
208
2080
20806
20808
20809
20815
2082
20828
2083
2085
2086
2087
20871
20880
20881
20882
20883
20884
20885
20886
20888
20889
20894
20900
20913
2092
2093
2095
2096
2099
20992
20999
21
210
2100
21000
21001
21002
2101
2102
2103
2104
2105
2106
2107
21080
21082
21084
21090
21099
211
2110
21100
2111
21110
2112
2113
2114
2115
2116
2117
2118
21188
2119
212
2120
21200
2121
21212
2122
2123
21230
21234
21235
21237
21238
21239
2124
21240
21241
21242
21243
21244
21245
21247
21248
21249
2125
21252
21254
21256
21257
21258
21259
2126
21261
21262
21263
21265
21266
2127
21270
21271
21272
21273
21275
21276
21278
2128
21280
21283
21286
21287
21289
2129
21291
21292
21294
21295
21296
213
2130
21300
21301
21302
21303
21307
21308
2131
21312
21314
21317
21318
21319
2132
21320
21321
21322
21323
21324
21325
21326
21327
21329
2133
2134
2135
21352
2136
2137
21378
2138
2139
214
2140
21400
2141
2142
21422
2143
21433
2144
21443
2145
2146
2147
2148
2149
215
2150
21501
21502
2151
2152
21521
2153
2154
2155
21551
2156
2157
21571
2158
2159
216
2160
2161
2162
2163
2164
2165
2166
2167
2168
2169
217
2170
2171
2172
2173
2174
2175
2176
2179
218
21808
2181
2182
2183
2184
2185
2186
21871
21878
21881
21883
21884
21885
21886
219
2190
21900
2191
21914
2192
2193
21935
2194
2195
2196
21999
22
220
2200
22000
22001
22002
2201
22022
22036
22049
22080
2209
221
2210
22103
22105
22107
2211
2212
22121
22122
2213
2214
2215
2216
2217
2218
22181
22182
2219
222
2222
22222
22228
2223
2224
223
2230
2231
22331
22335
22343
22345
22348
22375
22380
22480
225
2251
2252
2253
22580
2259
2260
22609
2261
22703
22705
22759
2276
22808
22871
2288
22883
22884
22885
22886
22939
22999
23
23000
23001
2301
23023
2306
23080
23082
23084
23128
23182
23184
2323
2324
2325
2326
2327
2328
2329
23306
2331
2332
2334
23352
23380
23389
234
2340
23424
2345
23454
23458
2348
235
23502
2362
2366
23690
2375
2376
2378
2379
23791
23792
2380
23808
2381
2382
2383
23871
23883
23884
23886
2389
2393
2394
23943
2396
2399
24
2401
2404
2406
24100
2418
2419
2424
2443
24442
24444
2445
24472
2455
2465
2480
24800
24808
24848
24899
2490
2492
25
2500
25000
25001
25003
25005
25006
25007
25008
25009
2501
25010
2502
25024
2503
25082
25084
25105
2512
2513
2514
2517
2521
2522
2525
253
25322
254
25432
25433
255
2550
2551
2552
2553
25555
25556
25565
2557
256
25631
25632
25672
25734
25735
25774
2585
259
25900
25901
25952
25990
26
2600
26000
26004
2601
2602
2604
2605
2607
2608
26080
26100
26214
26257
2628
263
26320
26321
26335
26378
26379
2638
264
26470
2663
2669
267
268
2685
26899
269
26948
2695
27
270
27000
27001
27002
27004
27005
2701
27015
27016
27017
27018
2702
27036
2710
27105
2715
2717
2718
27244
2725
2726
2728
27352
27353
27355
27356
27571
27715
27779
27800
27963
28
280
2800
28000
28001
28002
28009
28015
28017
28018
28069
2808
28080
28081
28082
28083
28084
28085
28086
28087
28088
2809
28090
28091
28092
28094
28096
28099
2811
28120
28124
28126
28128
28130
28138
28150
28152
28154
28160
28180
28181
28190
28191
28201
28202
28214
28280
28282
28291
28301
28350
28380
28428
28443
28580
28658
28681
28682
28683
28684
28685
28686
2869
28710
2873
2875
28780
28800
28818
28848
2886
2888
28883
28884
28980
28983
2901
29010
29015
29020
29080
29086
29087
2909
29090
29092
2910
29101
29190
29191
29192
2920
29200
29300
29443
29600
2967
2968
29798
29799
2980
29840
29876
299
29920
29927
2993
2995
2998
29984
29999
30
300
3000
30000
30001
30002
30003
30004
30005
30006
30007
30008
30009
3001
30010
30011
30012
30013
30014
30015
30016
30017
30018
30019
3002
30020
30021
30022
30023
30024
30025
30026
30028
3003
30030
30031
30036
30037
3004
3005
30050
30058
3006
30061
30067
3007
30071
3008
30080
30082
30083
30084
30086
30088
30089
30090
30097
301
3010
3011
30110
3012
30120
3013
3014
30148
3015
3016
3017
3018
30180
30181
30186
3019
30197
302
3020
3021
3022
30247
30249
3025
3030
30303
3031
3033
30379
3042
30443
3050
30501
3052
3053
3054
30551
3056
3057
3058
30580
3059
306
3060
3061
3062
3063
3064
3066
3067
3069
3070
3071
30718
3072
3074
3075
3076
3077
3078
308
3080
3081
30812
3083
3084
3085
3086
30873
3088
30883
3089
309
3090
3091
3094
30951
3096
3097
31
3100
31000
31001
3101
3102
31022
31029
31038
3104
3105
3106
3107
3108
31080
31082
31090
31099
311
3110
3112
31180
31188
3119
31210
31213
3125
3128
31280
3133
31337
3134
3135
31352
3136
3137
3139
3143
31433
31443
31444
3147
31496
315
31521
31560
3159
3161
3162
3168
31695
3173
3181
31873
3188
31883
31945
31999
32
320
3200
32003
32017
32049
32080
32090
321
3210
32100
32101
3211
3212
32121
3213
3214
3215
3216
3217
3218
32181
3219
322
3220
3221
32222
323
32301
32306
32375
32400
32412
32414
325
32533
3260
3261
3268
3269
32766
32768
32769
32770
32771
32772
32773
32774
32775
32776
32777
32778
32779
32780
32781
32782
32783
32784
32785
32794
3280
3283
3288
32895
3299
33
3300
3301
33022
33023
33033
33036
33039
3304
3305
3306
33060
33061
33062
33063
33064
33065
33066
33067
33068
33069
3307
3308
3310
3311
3312
33136
33151
3316
33160
3317
33170
3318
33180
3319
33190
33191
3320
33200
3321
33210
3322
33220
3323
33230
3324
3325
33279
333
33306
3333
33331
33333
33338
33344
33354
3337
33389
33400
33407
33443
33444
3349
3351
3352
33535
33663
3367
3369
33690
3370
3371
3372
3376
3377
33791
3380
33848
3388
3389
33890
33891
33892
33893
33894
33895
33896
33897
33898
33899
3390
33919
3398
340
3400
3402
34037
3404
34047
34080
3410
34100
34175
34303
3437
3443
34431
34433
34440
3445
34559
3456
34567
34571
34572
34573
3460
3465
34687
3476
3478
34815
34848
34899
3493
34943
350
35000
35001
3503
3505
35060
35070
35071
3510
3512
3513
3514
3517
35199
3520
3522
3524
3525
3527
3528
353
3531
35327
3535
35361
3541
3542
35432
35455
3546
35500
3551
35522
3556
35583
3561
35631
35632
3567
35711
3580
35839
3588
35900
35901
35967
36
3600
36000
36002
36011
36021
3606
36080
36081
36095
36111
36113
36120
3618
36201
36223
36330
36331
36351
36379
36479
36501
3659
366
36601
36607
3668
367
36735
368
3680
3684
36863
3689
369
3690
36901
3697
36984
36991
37
3700
37000
37001
37002
37005
37006
37017
37020
37022
3703
37119
3721
37215
37247
3731
3737
37375
3749
37503
37520
37631
3766
37759
37777
3780
37810
3784
37887
3790
3792
37993
37994
37995
37996
37997
37999
38
380
3800
38000
38001
38009
3801
38010
38011
38022
38069
3808
38080
38081
38082
38083
38084
38085
38086
38087
38088
3809
381
3814
38181
3820
3824
3826
3827
3828
38281
38282
38292
38303
38306
38307
38443
3846
3848
3849
38498
38501
3851
38517
3852
38520
38527
3853
38554
38555
3859
3863
38655
3868
3869
3871
3873
38754
38760
38763
38776
3878
38783
38787
38791
3880
38848
3888
38888
3889
389
38911
38983
3899
3900
39001
39005
39010
39011
39020
39022
39039
3905
39080
39090
39092
39103
39105
3914
39167
3918
3920
39200
39295
39300
3938
39423
3945
39499
39551
39679
3971
39710
39788
3980
39807
3986
39873
3993
39935
3995
39950
39951
39952
39953
3998
39980
3999
40
400
4000
40000
40001
40002
40003
40004
40005
4001
40011
40012
40013
40014
40015
40016
40017
40018
40019
4002
40020
40029
4003
4004
40048
4005
4006
40063
40069
40080
4009
40090
40091
40092
40093
40094
4010
4016
40191
40192
40193
40194
40195
40196
40197
40198
40199
40200
4022
4023
40280
403
40310
40319
404
4040
40443
40447
4045
40575
406
4063
4064
407
40703
40781
40831
40873
4089
40911
40959
4100
41000
41003
4101
41019
41020
41080
41090
41099
4110
4111
41174
412
4125
4126
4129
4135
41352
4137
4139
414
4142
4143
41433
41474
41511
41516
41521
4155
416
4161
417
41795
4180
4190
42
4200
4201
42049
421
4210
4211
4212
42121
4213
4214
4215
4216
4217
4218
42181
4219
422
42222
4224
42276
423
4237
42375
4242
42424
4243
425
42510
427
4279
43
4300
43008
43009
43080
4321
43221
43306
4335
43389
4343
4345
4353
436
43651
4369
43690
4380
43832
4389
44000
441
44100
44122
4413
44158
44176
442
4429
443
4430
4431
4432
4433
4434
44345
4438
4439
444
4440
44401
4443
4444
44442
44443
44445
4445
4446
4449
445
44501
4453
4455
446
4465
447
448
4480
44818
44848
44899
449
4497
4500
45000
4503
45039
4506
45060
45067
451
45100
4512
4513
4514
45149
45177
4522
453
45432
4545
4550
45554
45555
45631
45632
4567
4569
45692
4570
458
45900
45901
46000
46001
46201
46261
46379
464
465
4660
4662
4664
467
468
469
46901
47001
47002
47005
4702
47078
47088
4711
4712
4730
47583
4782
480
48000
48001
48009
48013
48020
48050
48069
48080
48081
48082
48083
48088
48090
48091
48092
48093
48094
48095
48096
48097
48098
481
4821
48238
48239
48242
4842
48443
4848
4850
4873
488
4880
48848
48866
4888
4894
48983
4899
48999
49
4900
49010
49014
49020
49080
49090
49092
49101
4911
49152
49153
49154
49155
49156
49157
49158
49159
49160
49161
49162
49163
49164
49165
49166
49167
49168
49169
49170
49172
49173
49174
49175
49176
49177
49179
49185
49200
49238
49300
49302
49388
49400
4949
495
49501
49555
49592
49664
49665
49666
49667
49668
49669
49670
49671
49672
49673
49674
497
49705
4993
4995
49960
4998
49999
50
500
5000
50000
50001
50002
50003
50004
50005
50006
50007
5001
50010
5002
50022
5003
50030
5004
50045
5005
50050
50051
5006
50060
5007
50070
50075
5008
50080
50082
50083
50086
50088
5009
50090
5010
50100
50104
50106
5011
50111
5012
5013
50180
502
5021
5022
50222
50223
50233
50240
50257
50280
503
5030
50300
5032
5033
5034
50389
504
5042
50443
5049
505
5050
50500
5051
5052
5053
5054
5057
50580
5060
5061
5062
5063
50636
5065
5066
50777
5080
50800
50805
5081
5083
5084
5087
50972
5098
50995
5100
51000
51001
51002
51005
51007
5101
5102
5104
5106
5107
5108
51080
51082
51083
51084
51085
51086
51087
51088
51089
51090
51091
51092
51093
51094
51095
51096
51097
51098
51099
511
5110
51100
51101
51102
51103
51106
5111
51111
5118
5119
512
5120
51222
513
5135
51352
5137
5139
514
5143
51433
51493
515
5151
51521
5155
5156
51593
5161
517
51732
5190
52
520
5200
5201
5203
52049
5207
521
5210
5211
5212
52121
5213
5214
5215
5216
5217
5218
52181
5219
522
5221
5222
52222
5223
5225
5226
52273
523
5233
5236
52375
5239
524
525
52531
52532
52533
52534
5255
5256
5258
5260
52667
52673
5269
5280
52822
52848
52869
5298
53
53000
53074
53080
53090
5310
53306
53316
53389
53500
53503
53514
53518
5353
5355
5357
53690
5389
540
5400
54000
54001
54045
5405
541
54100
5414
54252
5427
543
5431
5432
54321
54322
54328
544
5440
5443
5445
545
546
5465
548
54848
54899
5498
5500
55000
5501
55020
5503
5504
55055
55056
55070
5510
5512
5513
5514
5518
5520
5522
5523
553
55351
55352
554
55432
5544
55481
555
5550
5552
55530
5554
5555
55554
55555
5556
5557
5558
55580
556
5560
55600
5561
55631
55632
5566
5570
5577
5580
55858
55900
55901
5596
55963
5598
560
5600
56000
56001
5601
56022
5613
563
56306
5631
5632
5633
56379
564
5644
5645
5655
56553
5656
5666
5667
56688
567
5671
5672
56737
56738
5678
5679
568
5683
569
57001
57002
5701
5702
5703
5704
5705
5707
5708
5709
5718
57294
5730
57533
5757
57797
5780
57880
580
5800
58000
58009
5801
5802
58031
58045
58050
58060
58069
58080
58083
58085
58088
58090
5810
5811
58124
5815
5820
5822
58226
5825
58422
58443
5850
5859
586
58603
5862
587
5873
5877
5881
58848
5887
5888
58898
5898
58983
5900
59000
59001
59002
59003
59004
59005
59006
59007
59008
59009
5901
59010
5902
59020
5903
5904
5906
5907
59080
59090
59092
59093
591
5910
5911
5915
59191
59192
59193
59194
59195
59196
59197
59198
59199
59200
5922
5925
593
59300
59306
5938
5950
5952
59551
5959
5960
5961
5962
5963
5966
59777
5984
5985
5986
5987
5988
5989
5993
5995
5998
5999
59999
60
6000
60000
60001
60002
60003
60004
60005
60006
60007
60008
60009
6001
60010
60011
60012
60013
60014
60015
60016
60017
60018
60019
6002
60020
60021
60022
60023
60024
60025
60026
60027
60028
60029
6003
60030
60031
60032
60033
60034
60035
60036
60037
60038
60039
6004
60040
60041
60042
60043
60044
60045
60046
60047
60048
60049
6005
60050
60051
60052
60053
60054
60055
60056
60057
60058
60059
6006
60060
60061
60062
60063
60064
60065
60066
60067
60068
60069
6007
60070
60071
60072
60073
60074
60075
60076
60077
60078
60079
6008
60080
60081
60082
60083
60084
60085
60086
60087
60088
60089
6009
60090
60091
60092
60093
60094
60095
60096
60097
60098
60099
601
6010
60100
60101
60102
60103
60104
60105
60106
60107
60108
60109
6011
60110
60111
60112
60113
60114
60115
60116
60117
60118
60119
60120
60121
60122
60123
60124
60125
60126
60127
60128
60129
60130
60131
60132
60133
60134
60135
60136
60137
60138
60139
6014
60140
60141
60142
60143
60144
60145
60146
60147
60148
60149
60150
60151
60152
60153
60154
60155
60156
60157
60158
60159
60160
60161
60162
60163
60164
60165
60166
60167
60168
60169
60170
60171
60172
60173
60174
60175
60176
60177
60178
60179
60180
60181
60182
60183
60184
60185
60186
60187
60188
60189
60190
60191
60192
60193
60194
60195
60196
60197
60198
60199
602
6020
60200
60201
60202
60203
60204
60205
60206
60207
60208
60209
6021
60210
60211
60212
60213
60214
60215
60216
60217
60218
60219
6022
60220
60221
60222
60223
60224
60225
60226
60227
60228
60229
60230
60231
60232
60233
60234
60235
60236
60237
60238
60239
60240
60241
60242
60243
60244
60245
60246
60247
60248
60249
6025
60250
60251
60252
60253
60254
60255
60256
60257
60258
60259
60260
60261
60262
60263
60264
60265
60266
60267
60268
60269
6027
60270
60271
60272
60273
60274
60275
60276
60277
60278
60279
60280
60281
60282
60283
60284
60285
60286
60287
60288
60289
60290
60291
60292
60293
60294
60295
60296
60297
60298
60299
60300
60301
60302
60303
60304
60305
60306
60307
60308
60309
60310
60311
60312
60313
60314
60315
60316
60317
60318
60319
60320
60321
60322
60323
60324
60325
60326
60327
60328
60329
60330
60331
60332
60333
60334
60335
60336
60337
60338
60339
60340
60341
60342
60343
60344
60345
60346
60347
60348
60349
60350
60351
60352
60353
60354
60355
60356
60357
60358
60359
6036
60360
60361
60362
60363
60364
60365
60366
60367
60368
60369
6037
60370
60371
60372
60373
60374
60375
60376
60377
60378
60379
6038
60380
60381
60382
60383
60384
60385
60386
60387
60388
60389
6039
60390
60391
60392
60393
60394
60395
60396
60397
60398
60399
6040
60400
60401
60402
60403
60404
60405
60406
60407
60408
60409
6041
60410
60411
60412
60413
60414
60415
60416
60417
60418
60419
6042
60420
60421
60422
60423
60424
60425
60426
60427
60428
60429
60430
60431
60432
60433
60434
60435
60436
60437
60438
60439
6044
60440
60441
60442
60443
60444
60445
60446
60447
60448
60449
6045
60450
60451
60452
60453
60454
60455
60456
60457
60458
60459
6046
60460
60461
60462
60463
60464
60465
60466
60467
60468
60469
60470
60471
60472
60473
60474
60475
60476
60477
60478
60479
60480
60481
60482
60483
60484
60485
60486
60487
60488
60489
60490
60491
60492
60493
60494
60495
60496
60497
60498
60499
60500
60522
6059
6060
6061
6066
6068
6070
6080
6081
6082
6083
6084
6088
6090
6091
610
6100
6101
6106
61080
61081
61090
61099
6110
6111
61111
6112
6113
6114
6118
612
6120
61218
6122
6123
61234
61238
61248
61258
6129
6135
61352
6137
6139
6143
61433
615
6150
61521
61532
61558
6156
61591
616
6161
61613
61616
61617
6167
617
6170
6180
6190
61900
6198
61999
62
620
6200
6201
62016
62049
62078
621
6210
6211
6212
62121
6213
62131
62133
6214
6215
6216
6217
62170
62171
62173
6218
62181
6219
622
62200
62201
6222
62222
62251
6226
623
62375
625
6259
62685
6280
62808
6286
631
6310
63100
6311
632
6320
63268
63278
63288
63298
6330
63306
63308
63331
63389
6340
63426
6346
6347
63513
636
6363
6365
63690
6372
63736
6379
63790
63791
63792
63793
63794
63795
63796
63797
63798
63799
6380
6388
6389
6400
64002
6405
64059
6410
64100
6420
6443
6445
6446
6447
6448
6449
6450
6451
6452
6453
6454
6455
6456
6457
6458
6459
646
6460
6461
6462
64623
6463
6464
6465
6466
6467
6468
64680
6469
6470
6471
6472
6473
64738
6474
6475
6476
6477
6478
6479
648
64848
6488
64899
65
6500
65000
65001
6502
65022
6503
65055
6510
6512
65129
6513
6514
6520
65201
65202
65203
65204
65205
6522
65268
65278
65288
65298
653
65308
65389
65401
65402
65403
6543
65432
6544
6546
6547
65486
65493
655
65501
65502
65503
65504
65505
65506
65507
65508
65509
65510
65518
65526
65527
65528
65529
6553
65530
65533
65534
656
6560
6565
6566
6567
657
658
6580
6581
6587
6588
659
6590
66
660
6600
6601
6602
6603
6606
6610
6611
6620
6621
6633
6646
6648
666
6664
6666
6667
6668
6669
667
6677
6678
668
6680
6688
6689
669
6692
6697
6698
6699
67
6778
6779
6780
6782
6788
6789
6792
68
680
6800
6801
6802
6810
683
6839
6842
6868
6869
687
6873
6879
688
6881
6886
6887
6888
6889
6890
69
6901
6902
6903
6904
691
6920
6969
6988
6993
6995
6998
6999
70
700
7000
7001
7002
7003
7004
7005
7006
7007
7008
7009
701
7010
7011
7012
7013
7014
7015
7016
7017
7018
7019
7020
7021
7022
7023
7025
7028
7031
7033
7039
7041
7044
7048
705
7050
7051
7052
7053
7054
7055
7056
7057
7058
7059
7060
7061
7062
7063
7064
7065
7066
7067
7068
7069
7070
7071
7072
7073
7074
7075
7076
7077
7078
7079
7080
7081
7082
7083
7084
7086
7087
7088
7090
7093
7094
7095
7099
7100
7101
71019
7102
7103
7104
7106
7108
711
7110
7111
7117
712
7120
7123
7129
713
7136
714
7140
7144
7145
717
7170
7171
718
7180
7188
7199
72
720
7200
7201
7202
7210
7215
722
7220
726
7272
7273
7280
7288
73
7300
7302
7306
7321
7322
733
7330
7380
7396
7401
7402
7435
7443
7474
7479
7480
7485
749
7496
7500
7501
7512
7530
7547
7548
7557
7558
7563
7567
76
7625
7627
7630
765
7657
7660
7664
7676
7677
768
7680
7687
7688
77
770
7700
7702
7703
7705
7706
7709
771
7710
7711
7713
7715
7741
7742
7751
7764
777
7776
7777
7778
7779
778
7780
7788
7789
7791
7799
7800
7801
7803
7810
7823
783
7848
7856
787
7871
7873
7878
7879
7888
789
7890
7891
7896
7899
79
7900
7901
7903
7909
7910
7911
7915
7920
7921
7925
7930
7931
7937
7938
7942
7943
7970
7979
7980
7987
7990
7991
7992
7994
7995
7998
7999
80
800
8000
8001
8002
8003
8004
8005
8006
8007
8008
8009
801
8010
8011
8012
8013
8014
8015
8016
8017
8018
8019
802
8020
8021
8022
8023
8024
8025
8026
8027
8028
8029
803
8030
8031
8032
8033
8035
8036
8037
8038
8039
804
8040
8041
8042
8043
8044
8045
8046
8048
8049
805
8050
8051
8052
8053
8054
8055
8056
8057
8058
806
8060
8061
8062
8063
8064
8065
8066
8067
8068
8069
807
8070
8071
8072
8073
8075
8076
8077
8078
8079
808
8080
8081
8082
8083
8084
8085
8086
8087
8088
8089
809
8090
8091
8092
8093
8094
8095
8096
8097
8098
8099
81
810
8100
8101
8102
8103
8104
8105
8106
8107
8108
8109
811
8110
8111
8112
8113
8114
8115
8116
8118
8119
812
8120
8121
8122
8123
8125
8126
8129
8130
8132
8133
8136
8138
8139
814
8140
8142
8143
8144
8150
8151
8152
8153
8159
8160
8161
8165
8167
8168
8169
8170
8172
8176
8180
8181
8182
8183
8184
8186
8187
8188
8189
8190
8191
8192
8193
8194
8195
8196
8197
8198
8199
82
8200
8201
8202
8203
8204
8207
8209
8213
8219
8220
8222
8223
8232
8237
8239
8243
8244
8250
8254
8258
8260
8280
8281
8282
8283
8285
8288
8290
8291
8292
8298
83
830
8300
8306
8307
8308
8314
8315
8316
8317
832
8320
8322
8324
8332
8333
8334
8341
8343
8350
8351
8360
8374
8376
8377
8378
8380
8381
8382
8383
8384
8386
8388
8390
8391
8399
84
8400
8401
8402
8403
8404
8405
8408
8414
8415
8416
8417
8422
843
8440
8441
8442
8443
8444
8445
8446
8447
8448
8449
8450
8451
8452
8453
8460
8465
8473
8477
8480
8481
8484
8488
8493
8499
85
8500
8501
8502
8503
8512
8513
8515
8517
8519
8521
8527
8529
8530
8543
8545
8548
8554
8555
8558
8560
8561
8564
8566
8567
8580
8581
8582
8585
8586
8590
8595
86
860
8600
8601
8606
8610
862
8640
8649
8651
8652
8654
866
8660
8663
8666
8680
8681
8684
8686
8688
87
8700
8701
8710
8711
8719
8720
8721
873
8731
8735
8740
8743
8745
876
8760
8765
877
8777
8780
8781
8785
8787
8788
8791
8795
8799
88
880
8800
8801
8802
8803
8804
8805
8806
8807
8808
8809
8810
8811
8812
8813
8815
8816
8818
8820
8821
8822
8828
8829
8833
8834
8838
8839
8843
8844
8845
8848
8852
8855
8858
886
8860
8861
8863
8864
8866
8868
8869
8871
8873
8877
8879
888
8880
8881
8882
8883
8884
8885
8886
8887
8888
8889
889
8890
8891
8892
8893
8895
8896
8898
8899
89
890
8900
8901
8902
8905
8906
8910
8911
8912
8913
8915
8916
8940
8955
8956
8972
8974
898
8980
8981
8983
8986
8987
8988
8989
8990
8991
8992
8994
8996
8997
8998
8999
90
900
9000
9001
9002
9003
9004
9005
9006
9007
9008
9009
901
9010
9011
9012
9013
9014
9015
9016
9017
9018
9019
902
9020
9021
9022
9023
9025
9026
9027
9029
903
9030
9031
9032
9033
9034
9035
9036
9037
9038
9039
9040
9041
9042
9043
9050
9051
9053
9059
9060
9061
9063
9064
9065
9066
9068
9070
9071
9072
9074
9075
9078
908
9080
9081
9082
9083
9084
9085
9086
9087
9088
9089
909
9090
9091
9092
9093
9094
9095
9096
9097
9098
9099
91
9100
9101
9102
9103
9104
9105
9106
9108
911
9110
9111
9112
9113
9115
9116
9119
912
9122
9127
9131
9136
9151
9157
916
9160
9168
9180
9181
9182
9185
9188
9190
9191
9192
9195
9198
92
9200
9201
9202
9203
9205
9207
9210
9212
922
9220
9222
9223
9224
9229
9231
9233
9236
9247
925
9251
9256
9263
9290
9292
9295
93
9300
9301
9302
9303
9305
9306
9308
9309
9315
9322
9332
9333
9334
9393
94
9415
9418
943
9433
9437
944
9443
9444
9445
9446
9448
9455
9473
9480
9485
9494
95
9500
9501
9502
9503
9504
9505
9506
9507
9508
9509
9510
9511
9512
9513
9514
9515
9516
9517
9518
9519
9520
9521
9522
9523
9524
9525
9527
9528
9529
953
9530
9535
9541
9542
955
9550
9556
9557
956
9575
9580
9593
9594
9595
96
9600
9601
9603
9610
9611
9618
9620
9621
9622
9623
9643
9653
9663
9666
9668
968
9696
97
9700
9704
9711
9718
9722
973
9773
9797
98
9800
9801
9802
9803
9804
9805
9806
9807
9808
9809
981
9810
9811
9812
9813
9814
9815
9816
9817
9818
9819
9820
983
9836
9845
9849
9864
9869
987
9870
9876
9877
9878
9880
9888
9889
9898
9899
99
990
9900
9901
9903
9906
9908
9909
9910
9912
9914
9916
9917
9918
9919
992
9922
9928
9929
993
9935
994
9943
9944
995
9955
9968
9972
9977
998
9980
9981
9986
9988
9989
999
9990
9991
9992
9993
9994
9995
9997
9998
9999